8 0.18229676541307127
14 0.1439549217710346
16 0.1439549217710346
19 0.1439549217710346
0 0.18229676541307127
11 0.1425090144327079
20 0.1425090144327079
23 0.1425090144327079
3 0.12443798372322291
11 0.12443798372322291
14 0.12443798372322291
23 0.12443798372322291
7 0.1576207080360229
14 0.1576207080360229
20 0.1576207080360229
23 0.1576207080360229
0 0.16041173172132014
3 0.1576207080360229
3 0.16041173172132014
11 0.16041173172132014
0 0.1182577397903609
7 0.1182577397903609
16 0.1182577397903609
19 0.1182577397903609
3 0.15556147679285107
8 0.15556147679285107
19 0.15556147679285107
23 0.15556147679285107
14 0.10505006278107956
16 0.10505006278107956
19 0.12848596786253413
23 0.10505006278107956
3 0.12848596786253413
14 0.12848596786253413
20 0.12848596786253413
