14 0.021113723857762418
19 0.029985662413357456
20 0.021113723857762418
23 0.03753550908046652
29 0.021113723857762418
29 0.029985662413357456
29 0.04738112290636385
33 0.051972243342184414
36 0.021113723857762418
36 0.03753550908046652
40 0.029985662413357456
40 0.06541459650815787
48 0.021113723857762418
48 0.04738112290636385
53 0.029985662413357456
53 0.03753550908046652
54 0.021113723857762418
54 0.051972243342184414
59 0.021113723857762418
59 0.029985662413357456
59 0.04738112290636385
59 0.06541459650815787
61 0.03753550908046652
65 0.021113723857762418
66 0.029985662413357456
66 0.051972243342184414
70 0.021113723857762418
70 0.03753550908046652
70 0.04738112290636385
75 0.029985662413357456
75 0.06541459650815787
78 0.021113723857762418
81 0.03753550908046652
81 0.051972243342184414
84 0.021113723857762418
84 0.029985662413357456
84 0.04738112290636385
89 0.021113723857762418
93 0.029985662413357456
93 0.03753550908046652
93 0.06541459650815787
101 0.021113723857762418
101 0.04738112290636385
101 0.051972243342184414
106 0.029985662413357456
110 0.021113723857762418
110 0.03753550908046652
120 0.021113723857762418
120 0.029985662413357456
120 0.04738112290636385
120 0.06541459650815787
123 0.051972243342184414
127 0.03753550908046652
128 0.021113723857762418
132 0.029985662413357456
137 0.021113723857762418
137 0.04738112290636385
140 0.03753550908046652
144 0.029985662413357456
144 0.051972243342184414
144 0.06541459650815787
148 0.021113723857762418
153 0.021113723857762418
153 0.029985662413357456
153 0.03753550908046652
153 0.04738112290636385
160 0.021113723857762418
160 0.051972243342184414
163 0.029985662413357456
163 0.06541459650815787
166 0.03753550908046652
169 0.014075815905174946
169 0.021113723857762418
169 0.04738112290636385
171 0.014075815905174946
171 0.029985662413357456
173 0.021113723857762418
175 0.014075815905174946
175 0.03753550908046652
175 0.051972243342184414
178 0.014075815905174946
178 0.021113723857762418
178 0.029985662413357456
178 0.04738112290636385
178 0.06541459650815787
182 0.014075815905174946
185 0.021113723857762418
185 0.03753550908046652
187 0.014075815905174946
187 0.029985662413357456
191 0.051972243342184414
193 0.014075815905174946
193 0.021113723857762418
193 0.04738112290636385
200 0.014075815905174946
200 0.029985662413357456
200 0.03753550908046652
200 0.06541459650815787
204 0.021113723857762418
208 0.014075815905174946
215 0.014075815905174946
215 0.021113723857762418
215 0.029985662413357456
215 0.04738112290636385
215 0.051972243342184414
218 0.03753550908046652
221 0.014075815905174946
222 0.021113723857762418
223 0.014075815905174946
223 0.029985662413357456
223 0.06541459650815787
226 0.014075815905174946
226 0.021113723857762418
226 0.03753550908046652
226 0.04738112290636385
227 0.051972243342184414
231 0.014075815905174946
231 0.029985662413357456
232 0.021113723857762418
233 0.014075815905174946
235 0.03753550908046652
238 0.014075815905174946
238 0.021113723857762418
238 0.029985662413357456
238 0.04738112290636385
244 0.014075815905174946
244 0.051972243342184414
248 0.021113723857762418
