3 0.1439549217710346
7 0.1439549217710346
8 0.1439549217710346
8 0.18229676541307127
11 0.1439549217710346
14 0.1439549217710346
16 0.1439549217710346
19 0.1439549217710346
3 0.12443798372322291
7 0.1425090144327079
8 0.1425090144327079
11 0.12443798372322291
14 0.12443798372322291
14 0.1425090144327079
16 0.1425090144327079
23 0.12443798372322291
0 0.1576207080360229
0 0.16041173172132014
3 0.1576207080360229
3 0.16041173172132014
11 0.1576207080360229
11 0.16041173172132014
16 0.1576207080360229
19 0.1576207080360229
0 0.15556147679285107
3 0.15556147679285107
8 0.1182577397903609
8 0.15556147679285107
11 0.1182577397903609
11 0.15556147679285107
19 0.15556147679285107
23 0.15556147679285107
0 0.12848596786253413
3 0.12848596786253413
7 0.12848596786253413
8 0.12848596786253413
11 0.12848596786253413
14 0.12848596786253413
20 0.12848596786253413
