48 0.06966857715366336
53 0.09088580345801074
56 0.08445489543104967
59 0.11254822958741782
62 0.11260652724139956
65 0.06966857715366336
66 0.1235795451335569
70 0.09088580345801074
70 0.1468203927386996
75 0.15695341918776964
78 0.08445489543104967
79 0.16890979086209934
84 0.06966857715366336
84 0.11254822958741782
84 0.2068485832682272
88 0.16890979086209934
89 0.11260652724139956
93 0.09088580345801074
93 0.28252448497508703
101 0.1235795451335569
101 0.24949760227691783
106 0.08445489543104967
106 0.25795222262005546
110 0.06966857715366336
110 0.1468203927386996
113 0.22521305448279913
120 0.11254822958741782
120 0.15695341918776964
120 0.3217447006968947
127 0.09088580345801074
127 0.3565276778026309
128 0.16890979086209934
132 0.11260652724139956
132 0.40095940598890734
137 0.06966857715366336
137 0.2068485832682272
137 0.38306641179006634
140 0.08445489543104967
144 0.1235795451335569
144 0.44727698735370924
148 0.16890979086209934
149 0.3378195817241987
153 0.09088580345801074
153 0.11254822958741782
153 0.1468203927386996
153 0.28252448497508703
153 0.5161567501791097
158 0.3378195817241987
160 0.06966857715366336
160 0.24949760227691783
163 0.15695341918776964
163 0.4706104494510973
166 0.11260652724139956
169 0.08445489543104967
169 0.25795222262005546
169 0.3904361019447892
171 0.16890979086209934
171 0.8580431002131113
173 0.22521305448279913
175 0.09088580345801074
175 0.1235795451335569
175 0.7648623908993817
178 0.06966857715366336
178 0.11254822958741782
178 0.2068485832682272
178 0.3217447006968947
178 1.1756644827320906
182 0.6756391634483974
185 0.1468203927386996
185 0.3565276778026309
187 0.16890979086209934
187 0.8580431002131113
191 0.08445489543104967
193 0.11260652724139956
193 0.40095940598890734
193 0.8089343480072267
200 0.09088580345801074
200 0.15695341918776964
200 0.28252448497508703
200 1.1944045662718106
204 0.06966857715366336
204 0.38306641179006634
208 0.6756391634483974
215 0.11254822958741782
215 0.1235795451335569
215 0.24949760227691783
215 0.44727698735370924
215 1.1816444566399302
218 0.16890979086209934
221 0.6756391634483974
222 0.3378195817241987
223 0.08445489543104967
223 0.25795222262005546
223 1.0608782427238732
226 0.06966857715366336
226 0.09088580345801074
226 0.1468203927386996
226 0.2068485832682272
226 0.5161567501791097
226 0.9499023417302821
227 0.11260652724139956
231 0.22521305448279913
231 0.9141673884484077
232 0.3378195817241987
233 0.6756391634483974
235 0.16890979086209934
238 0.06541459650815787
238 0.11254822958741782
238 0.15695341918776964
238 0.3217447006968947
238 0.4706104494510973
238 1.44240665635688
244 0.1235795451335569
244 0.7274461987425173
248 0.06966857715366336
248 0.08445489543104967
248 0.3904361019447892
