0 0.18229676541307127
3 0.1439549217710346
7 0.1439549217710346
7 0.18229676541307127
8 0.1439549217710346
8 0.18229676541307127
11 0.1425090144327079
11 0.1439549217710346
11 0.18229676541307127
14 0.1439549217710346
16 0.1439549217710346
19 0.1439549217710346
20 0.1425090144327079
20 0.18229676541307127
23 0.1425090144327079
23 0.18229676541307127
0 0.1182577397903609
0 0.1576207080360229
0 0.16041173172132014
3 0.1182577397903609
3 0.1576207080360229
3 0.16041173172132014
7 0.1182577397903609
11 0.1576207080360229
11 0.16041173172132014
14 0.16041173172132014
16 0.1182577397903609
16 0.1576207080360229
16 0.16041173172132014
19 0.1182577397903609
19 0.1576207080360229
23 0.16041173172132014
0 0.12848596786253413
3 0.12848596786253413
7 0.12848596786253413
8 0.12848596786253413
11 0.12848596786253413
14 0.12848596786253413
20 0.12848596786253413
