3 0.010309278350515464
7 0.010309278350515464
8 0.010309278350515464
8 0.014075815905174946
11 0.010309278350515464
14 0.010309278350515464
14 0.014075815905174946
14 0.021113723857762418
16 0.010309278350515464
19 0.010309278350515464
19 0.014075815905174946
19 0.029985662413357456
20 0.010309278350515464
20 0.021113723857762418
23 0.010309278350515464
23 0.014075815905174946
23 0.03753550908046652
27 0.010309278350515464
29 0.010309278350515464
29 0.014075815905174946
29 0.021113723857762418
29 0.029985662413357456
29 0.04738112290636385
31 0.010309278350515464
33 0.010309278350515464
33 0.014075815905174946
33 0.051972243342184414
36 0.010309278350515464
36 0.021113723857762418
36 0.03753550908046652
40 0.010309278350515464
40 0.014075815905174946
40 0.029985662413357456
40 0.06541459650815787
44 0.010309278350515464
48 0.010309278350515464
48 0.014075815905174946
48 0.021113723857762418
48 0.04738112290636385
49 0.010309278350515464
53 0.010309278350515464
53 0.014075815905174946
53 0.029985662413357456
53 0.03753550908046652
54 0.010309278350515464
54 0.021113723857762418
54 0.051972243342184414
56 0.010309278350515464
56 0.014075815905174946
58 0.010309278350515464
59 0.010309278350515464
59 0.014075815905174946
59 0.021113723857762418
59 0.029985662413357456
59 0.04738112290636385
59 0.06541459650815787
61 0.010309278350515464
61 0.03753550908046652
62 0.010309278350515464
62 0.014075815905174946
65 0.010309278350515464
65 0.021113723857762418
66 0.010309278350515464
66 0.014075815905174946
66 0.029985662413357456
66 0.051972243342184414
67 0.010309278350515464
70 0.010309278350515464
70 0.014075815905174946
70 0.021113723857762418
70 0.03753550908046652
70 0.04738112290636385
71 0.010309278350515464
75 0.010309278350515464
75 0.014075815905174946
75 0.029985662413357456
75 0.06541459650815787
78 0.010309278350515464
78 0.021113723857762418
79 0.010309278350515464
79 0.014075815905174946
81 0.010309278350515464
81 0.03753550908046652
81 0.051972243342184414
84 0.010309278350515464
84 0.014075815905174946
84 0.021113723857762418
84 0.029985662413357456
84 0.04738112290636385
86 0.010309278350515464
88 0.010309278350515464
88 0.014075815905174946
89 0.010309278350515464
89 0.021113723857762418
93 0.010309278350515464
93 0.014075815905174946
93 0.029985662413357456
93 0.03753550908046652
93 0.06541459650815787
97 0.010309278350515464
101 0.010309278350515464
101 0.014075815905174946
101 0.021113723857762418
101 0.04738112290636385
101 0.051972243342184414
104 0.010309278350515464
106 0.010309278350515464
106 0.014075815905174946
106 0.029985662413357456
110 0.010309278350515464
110 0.021113723857762418
110 0.03753550908046652
113 0.010309278350515464
113 0.014075815905174946
117 0.010309278350515464
120 0.010309278350515464
120 0.014075815905174946
120 0.021113723857762418
120 0.029985662413357456
120 0.04738112290636385
120 0.06541459650815787
123 0.010309278350515464
123 0.051972243342184414
127 0.010309278350515464
127 0.014075815905174946
127 0.03753550908046652
128 0.010309278350515464
128 0.021113723857762418
132 0.010309278350515464
132 0.014075815905174946
132 0.029985662413357456
134 0.010309278350515464
137 0.010309278350515464
137 0.014075815905174946
137 0.021113723857762418
137 0.04738112290636385
140 0.010309278350515464
140 0.03753550908046652
144 0.010309278350515464
144 0.014075815905174946
144 0.029985662413357456
144 0.051972243342184414
144 0.06541459650815787
148 0.010309278350515464
148 0.021113723857762418
149 0.010309278350515464
149 0.014075815905174946
152 0.010309278350515464
153 0.010309278350515464
153 0.014075815905174946
153 0.021113723857762418
153 0.029985662413357456
153 0.03753550908046652
153 0.04738112290636385
154 0.010309278350515464
158 0.010309278350515464
158 0.014075815905174946
160 0.010309278350515464
160 0.021113723857762418
160 0.051972243342184414
163 0.010309278350515464
163 0.014075815905174946
163 0.029985662413357456
163 0.06541459650815787
166 0.010309278350515464
166 0.03753550908046652
169 0.010309278350515464
169 0.014075815905174946
169 0.021113723857762418
169 0.04738112290636385
170 0.010309278350515464
171 0.010309278350515464
171 0.014075815905174946
171 0.029985662413357456
173 0.010309278350515464
173 0.021113723857762418
175 0.010309278350515464
175 0.014075815905174946
175 0.03753550908046652
175 0.051972243342184414
177 0.010309278350515464
178 0.010309278350515464
178 0.014075815905174946
178 0.021113723857762418
178 0.029985662413357456
178 0.04738112290636385
178 0.06541459650815787
181 0.010309278350515464
182 0.010309278350515464
182 0.014075815905174946
185 0.010309278350515464
185 0.021113723857762418
185 0.03753550908046652
187 0.010309278350515464
187 0.014075815905174946
187 0.029985662413357456
191 0.010309278350515464
191 0.051972243342184414
193 0.010309278350515464
193 0.014075815905174946
193 0.021113723857762418
193 0.04738112290636385
196 0.010309278350515464
200 0.010309278350515464
200 0.014075815905174946
200 0.029985662413357456
200 0.03753550908046652
200 0.06541459650815787
204 0.010309278350515464
204 0.021113723857762418
208 0.010309278350515464
208 0.014075815905174946
211 0.010309278350515464
215 0.010309278350515464
215 0.014075815905174946
215 0.021113723857762418
215 0.029985662413357456
215 0.04738112290636385
215 0.051972243342184414
218 0.010309278350515464
218 0.03753550908046652
221 0.010309278350515464
221 0.014075815905174946
222 0.010309278350515464
222 0.021113723857762418
223 0.010309278350515464
223 0.014075815905174946
223 0.029985662413357456
223 0.06541459650815787
225 0.010309278350515464
226 0.010309278350515464
226 0.014075815905174946
226 0.021113723857762418
226 0.03753550908046652
226 0.04738112290636385
227 0.010309278350515464
227 0.051972243342184414
231 0.010309278350515464
231 0.014075815905174946
231 0.029985662413357456
232 0.010309278350515464
232 0.021113723857762418
233 0.010309278350515464
233 0.014075815905174946
235 0.010309278350515464
235 0.03753550908046652
238 0.010309278350515464
238 0.014075815905174946
238 0.021113723857762418
238 0.029985662413357456
238 0.04738112290636385
240 0.010309278350515464
244 0.010309278350515464
244 0.014075815905174946
244 0.051972243342184414
248 0.021113723857762418
