3 0.12443798372322291
7 0.12443798372322291
7 0.1425090144327079
7 0.1576207080360229
8 0.12443798372322291
8 0.1425090144327079
11 0.12443798372322291
14 0.12443798372322291
14 0.1425090144327079
14 0.1576207080360229
16 0.1425090144327079
19 0.12443798372322291
20 0.12443798372322291
20 0.1576207080360229
23 0.12443798372322291
23 0.1576207080360229
0 0.10505006278107956
0 0.15556147679285107
3 0.10505006278107956
3 0.15556147679285107
8 0.1182577397903609
8 0.15556147679285107
11 0.10505006278107956
11 0.1182577397903609
11 0.15556147679285107
14 0.10505006278107956
16 0.10505006278107956
19 0.10505006278107956
19 0.12848596786253413
19 0.15556147679285107
23 0.10505006278107956
23 0.15556147679285107
