3 0.010309278350515464
7 0.010309278350515464
8 0.010309278350515464
8 0.014075815905174946
11 0.010309278350515464
14 0.010309278350515464
14 0.014075815905174946
16 0.010309278350515464
19 0.010309278350515464
19 0.014075815905174946
20 0.010309278350515464
23 0.010309278350515464
23 0.014075815905174946
27 0.010309278350515464
29 0.010309278350515464
29 0.014075815905174946
31 0.010309278350515464
33 0.010309278350515464
33 0.014075815905174946
36 0.010309278350515464
40 0.010309278350515464
40 0.014075815905174946
44 0.010309278350515464
48 0.010309278350515464
48 0.014075815905174946
49 0.010309278350515464
53 0.010309278350515464
53 0.014075815905174946
54 0.010309278350515464
56 0.010309278350515464
56 0.014075815905174946
58 0.010309278350515464
59 0.010309278350515464
59 0.014075815905174946
61 0.010309278350515464
62 0.010309278350515464
62 0.014075815905174946
65 0.010309278350515464
66 0.010309278350515464
66 0.014075815905174946
67 0.010309278350515464
70 0.010309278350515464
70 0.014075815905174946
71 0.010309278350515464
75 0.010309278350515464
75 0.014075815905174946
78 0.010309278350515464
79 0.010309278350515464
79 0.014075815905174946
81 0.010309278350515464
84 0.010309278350515464
84 0.014075815905174946
86 0.010309278350515464
88 0.010309278350515464
88 0.014075815905174946
89 0.010309278350515464
93 0.010309278350515464
93 0.014075815905174946
97 0.010309278350515464
101 0.010309278350515464
101 0.014075815905174946
104 0.010309278350515464
106 0.010309278350515464
106 0.014075815905174946
110 0.010309278350515464
113 0.010309278350515464
113 0.014075815905174946
117 0.010309278350515464
120 0.010309278350515464
120 0.014075815905174946
123 0.010309278350515464
127 0.010309278350515464
127 0.014075815905174946
128 0.010309278350515464
132 0.010309278350515464
132 0.014075815905174946
134 0.010309278350515464
137 0.010309278350515464
137 0.014075815905174946
140 0.010309278350515464
144 0.010309278350515464
144 0.014075815905174946
148 0.010309278350515464
149 0.010309278350515464
149 0.014075815905174946
152 0.010309278350515464
153 0.010309278350515464
153 0.014075815905174946
154 0.010309278350515464
158 0.010309278350515464
158 0.014075815905174946
160 0.010309278350515464
163 0.010309278350515464
163 0.014075815905174946
166 0.010309278350515464
169 0.010309278350515464
170 0.010309278350515464
171 0.010309278350515464
173 0.010309278350515464
175 0.010309278350515464
177 0.010309278350515464
178 0.010309278350515464
181 0.010309278350515464
182 0.010309278350515464
185 0.010309278350515464
187 0.010309278350515464
191 0.010309278350515464
193 0.010309278350515464
196 0.010309278350515464
200 0.010309278350515464
204 0.010309278350515464
208 0.010309278350515464
211 0.010309278350515464
215 0.010309278350515464
218 0.010309278350515464
221 0.010309278350515464
222 0.010309278350515464
223 0.010309278350515464
225 0.010309278350515464
226 0.010309278350515464
227 0.010309278350515464
231 0.010309278350515464
232 0.010309278350515464
233 0.010309278350515464
235 0.010309278350515464
238 0.010309278350515464
240 0.010309278350515464
244 0.010309278350515464
48 0.06966857715366336
53 0.09088580345801074
56 0.08445489543104967
59 0.11254822958741782
62 0.11260652724139956
65 0.06966857715366336
66 0.1235795451335569
70 0.09088580345801074
70 0.1468203927386996
75 0.15695341918776964
78 0.08445489543104967
79 0.16890979086209934
84 0.06966857715366336
84 0.11254822958741782
84 0.2068485832682272
88 0.16890979086209934
89 0.11260652724139956
93 0.09088580345801074
93 0.28252448497508703
101 0.1235795451335569
101 0.24949760227691783
106 0.08445489543104967
106 0.25795222262005546
110 0.06966857715366336
110 0.1468203927386996
113 0.22521305448279913
120 0.11254822958741782
120 0.15695341918776964
120 0.3217447006968947
127 0.09088580345801074
127 0.3565276778026309
128 0.16890979086209934
132 0.11260652724139956
132 0.40095940598890734
137 0.06966857715366336
137 0.2068485832682272
137 0.38306641179006634
140 0.08445489543104967
144 0.1235795451335569
144 0.44727698735370924
148 0.16890979086209934
149 0.3378195817241987
153 0.09088580345801074
153 0.11254822958741782
153 0.1468203927386996
153 0.28252448497508703
153 0.5161567501791097
158 0.3378195817241987
160 0.06966857715366336
160 0.24949760227691783
163 0.15695341918776964
163 0.4706104494510973
166 0.11260652724139956
169 0.08445489543104967
169 0.25795222262005546
169 0.3904361019447892
171 0.16890979086209934
171 0.8580431002131113
173 0.22521305448279913
175 0.09088580345801074
175 0.1235795451335569
175 0.7648623908993817
178 0.06966857715366336
178 0.11254822958741782
178 0.2068485832682272
178 0.3217447006968947
178 1.1756644827320906
182 0.6756391634483974
185 0.1468203927386996
185 0.3565276778026309
187 0.16890979086209934
187 0.8580431002131113
191 0.08445489543104967
193 0.11260652724139956
193 0.40095940598890734
193 0.8089343480072267
200 0.09088580345801074
200 0.15695341918776964
200 0.28252448497508703
200 1.1944045662718106
204 0.06966857715366336
204 0.38306641179006634
208 0.6756391634483974
215 0.11254822958741782
215 0.1235795451335569
215 0.24949760227691783
215 0.44727698735370924
215 1.1816444566399302
218 0.16890979086209934
221 0.6756391634483974
222 0.3378195817241987
223 0.08445489543104967
223 0.25795222262005546
223 1.0608782427238732
226 0.06966857715366336
226 0.09088580345801074
226 0.1468203927386996
226 0.2068485832682272
226 0.5161567501791097
226 0.9499023417302821
227 0.11260652724139956
231 0.22521305448279913
231 0.9141673884484077
232 0.3378195817241987
233 0.6756391634483974
235 0.16890979086209934
238 0.06541459650815787
238 0.11254822958741782
238 0.15695341918776964
238 0.3217447006968947
238 0.4706104494510973
238 1.44240665635688
244 0.1235795451335569
244 0.7274461987425173
248 0.06966857715366336
248 0.08445489543104967
248 0.3904361019447892
