0 0.18229676541307127
3 0.12443798372322291
3 0.1439549217710346
7 0.12443798372322291
7 0.1425090144327079
7 0.1439549217710346
7 0.1576207080360229
7 0.18229676541307127
8 0.12443798372322291
8 0.1425090144327079
8 0.1439549217710346
8 0.18229676541307127
11 0.12443798372322291
11 0.1425090144327079
11 0.1439549217710346
11 0.18229676541307127
14 0.12443798372322291
14 0.1425090144327079
14 0.1439549217710346
14 0.1576207080360229
16 0.1425090144327079
16 0.1439549217710346
19 0.12443798372322291
19 0.1439549217710346
20 0.12443798372322291
20 0.1425090144327079
20 0.1576207080360229
20 0.18229676541307127
23 0.12443798372322291
23 0.1425090144327079
23 0.1576207080360229
23 0.18229676541307127
0 0.12848596786253413
3 0.12848596786253413
7 0.12848596786253413
8 0.12848596786253413
11 0.12848596786253413
14 0.12848596786253413
20 0.12848596786253413
