0 0.10505006278107956
0 0.1182577397903609
0 0.15556147679285107
0 0.1576207080360229
0 0.16041173172132014
3 0.10505006278107956
3 0.1182577397903609
3 0.15556147679285107
3 0.1576207080360229
3 0.16041173172132014
7 0.1182577397903609
8 0.1182577397903609
8 0.15556147679285107
11 0.10505006278107956
11 0.1182577397903609
11 0.15556147679285107
11 0.1576207080360229
11 0.16041173172132014
14 0.10505006278107956
14 0.16041173172132014
16 0.10505006278107956
16 0.1182577397903609
16 0.1576207080360229
16 0.16041173172132014
19 0.10505006278107956
19 0.1182577397903609
19 0.12848596786253413
19 0.15556147679285107
19 0.1576207080360229
23 0.10505006278107956
23 0.15556147679285107
23 0.16041173172132014
