0 0.18229676541307127
7 0.18229676541307127
11 0.1425090144327079
11 0.18229676541307127
20 0.1425090144327079
20 0.18229676541307127
23 0.1425090144327079
23 0.18229676541307127
7 0.12443798372322291
7 0.1576207080360229
8 0.12443798372322291
14 0.1576207080360229
19 0.12443798372322291
20 0.12443798372322291
20 0.1576207080360229
23 0.1576207080360229
0 0.1182577397903609
3 0.1182577397903609
7 0.1182577397903609
14 0.16041173172132014
16 0.1182577397903609
16 0.16041173172132014
19 0.1182577397903609
23 0.16041173172132014
0 0.10505006278107956
3 0.10505006278107956
11 0.10505006278107956
14 0.10505006278107956
16 0.10505006278107956
19 0.10505006278107956
19 0.12848596786253413
23 0.10505006278107956
