7 0.1439549217710346
11 0.1439549217710346
16 0.1439549217710346
8 0.18229676541307127
20 0.18229676541307127
23 0.18229676541307127
11 0.1425090144327079
20 0.1425090144327079
16 0.1425090144327079
7 0.1425090144327079
23 0.12443798372322291
14 0.12443798372322291
8 0.12443798372322291
19 0.12443798372322291
7 0.1576207080360229
23 0.1576207080360229
16 0.1576207080360229
0 0.1576207080360229
0 0.16041173172132014
11 0.16041173172132014
23 0.16041173172132014
3 0.1182577397903609
0 0.1182577397903609
19 0.1182577397903609
8 0.1182577397903609
0 0.15556147679285107
23 0.15556147679285107
3 0.15556147679285107
19 0.10505006278107956
3 0.10505006278107956
16 0.10505006278107956
19 0.12848596786253413
8 0.12848596786253413
7 0.12848596786253413
20 0.12848596786253413
